Wed Sep  9 03:33:39 2026       
+-----------------------------------------------------------------------------------------+
| NVIDIA-SMI 595.71.05              Driver Version: 595.71.05      CUDA Version: 13.2     |
+-----------------------------------------+------------------------+----------------------+
| GPU  Name                 Persistence-M | Bus-Id          Disp.A | Volatile Uncorr. ECC |
| Fan  Temp   Perf          Pwr:Usage/Cap |           Memory-Usage | GPU-Util  Compute M. |
|                                         |                        |               MIG M. |
|=========================================+========================+======================|
|   0  NVIDIA RTX PRO 6000 Blac...    Off |   00000000:01:00.0 Off |                  Off |
| 30%   33C    P8              7W /  600W |   60956MiB /  97887MiB |      0%      Default |
|                                         |                        |                  N/A |
+-----------------------------------------+------------------------+----------------------+

+-----------------------------------------------------------------------------------------+
| Processes:                                                                              |
|  GPU   GI   CI              PID   Type   Process name                        GPU Memory |
|        ID   ID                                                               Usage      |
|=========================================================================================|
|    0   N/A  N/A            5875      C   ...runtime/sensevoice/bin/python       1192MiB |
|    0   N/A  N/A         1219611      C   ...runtime/sensevoice/bin/python       1684MiB |
|    0   N/A  N/A         1953199      C   .../.runtime/fish-env/bin/python       6666MiB |
|    0   N/A  N/A         1970308      C   ...runtime/sensevoice/bin/python       1718MiB |
|    0   N/A  N/A         3614304      C   VLLM::EngineCore                      49664MiB |
+-----------------------------------------------------------------------------------------+
PID=5875
5875 (python) S 5874 5875 5875 0 -1 4194304 530892 0 53906 0 38871 63206 0 0 20 0 90 0 13022 27970326528 420411 18446744073709551615 94007140810752 94007143634989 140725041898336 0 0 0 0 16781319 0 0 0 0 17 22 0 0 0 0 0 94007145998352 94007146282392 94007920394240 140725041904853 140725041904948 140725041904948 140725041905599 0
PID=1953199
1953199 (python) S 1 1953199 1953199 0 -1 4194304 7854373 450678 129124 12 1038313 64490 144 73 20 0 117 0 31538424 629186854912 5014672 18446744073709551615 108548288733184 108548291557421 140727802351072 0 0 0 0 4096 1098926599 0 0 0 17 24 0 0 0 0 0 108548293920784 108548294204824 108548953837568 140727802355371 140727802355694 140727802355694 140727802359745 0
PID=1970308
1970308 (python) S 1 1970308 1970308 0 -1 4194304 47759543 3795 106371 0 2042451 82669 4 5 20 0 97 0 31560394 29552603136 740025 18446744073709551615 100275115208704 100275118032941 140724760741760 0 0 0 0 16781313 16386 0 0 0 17 29 0 0 0 0 0 100275120396304 100275120680344 100275478065152 140724760743719 140724760743856 140724760743856 140724760747967 0
PID=1219611
1219611 (python) S 1 1219611 1219611 0 -1 4194304 1304504 0 63376 0 2631752 70881 0 0 20 0 44 0 61270978 226307407872 428340 18446744073709551615 98434537492480 98434540316717 140732688415328 0 0 0 0 16781313 16386 0 0 0 17 30 0 0 0 0 0 98434542680080 98434542964120 98435365113856 140732688424394 140732688424801 140732688424801 140732688428991 0
PID=3614304
3614304 (VLLM::EngineCor) S 3613078 3613078 3613078 0 -1 4194304 4725778 10165 708 0 180846 3315 97 12 20 0 174 0 112154655 87529111552 953947 18446744073709551615 98970809229312 98970812053549 140724934987232 0 0 0 0 16781312 17410 0 0 0 17 25 0 0 0 0 0 98970814416912 98970814700952 98970848059392 140724934991486 140724934991655 140724934991655 140724934995905 0
